/**
 **
 ** TileProcessor.cuh
 **
 ** Copyright (C) 2018 Elphel, Inc.
 **
 ** -----------------------------------------------------------------------------**
 **
 **  TileProcessor.cuh is free software: you can redistribute it and/or modify
 **  it under the terms of the GNU General Public License as published by
 **  the Free Software Foundation, either version 3 of the License, or
 **  (at your option) any later version.
 **
 **  This program is distributed in the hope that it will be useful,
 **  but WITHOUT ANY WARRANTY; without even the implied warranty of
 **  MERCHANTABILITY or FITNESS FOR A PARTICULAR PURPOSE.  See the
 **  GNU General Public License for more details.
 **
 **  You should have received a copy of the GNU General Public License
 **  along with this program.  If not, see <http://www.gnu.org/licenses/>.
 **
 **  Additional permission under GNU GPL version 3 section 7
 **
 **  If you modify this Program, or any covered work, by linking or
 **  combining it with NVIDIA Corporation's CUDA libraries from the
 **  NVIDIA CUDA Toolkit (or a modified version of those libraries),
 **  containing parts covered by the terms of NVIDIA CUDA Toolkit
 **  EULA, the licensors of this Program grant you additional
 **  permission to convey the resulting work.
 ** -----------------------------------------------------------------------------**
 */

/**
**************************************************************************
* \file TileProcessor.cuh
* \brief Top level of the Tile Processor for frequency domain

*/
// Avoiding includes in jcuda, all source files will be merged
#pragma once
#ifndef JCUDA
#include "tp_defines.h"
#include "dtt8x8.h"
#include "geometry_correction.h"
#include "TileProcessor.h"
#endif // #ifndef JCUDA

// CUDA fast math is slower!
//#define FASTMATH 1
/*
 fast
GPU run time =620.210698ms, (direct conversion: 24.077195999999997ms, imclt: 17.218263ms), corr2D: 85.503204ms), textures: 237.225665ms, RGBA: 256.185703ms
nofast
GPU run time =523.451927ms, (direct conversion: 24.080189999999998ms, imclt: 17.090526999999998ms), corr2D: 30.623282999999997ms), textures: 231.154339ms, RGBA: 220.503017ms
 */

#define TASK_TEXTURE_BITS ((1 << TASK_TEXTURE_N_BIT) | (1 << TASK_TEXTURE_E_BIT) | (1 << TASK_TEXTURE_S_BIT) | (1 << TASK_TEXTURE_W_BIT))

//#define IMCLT14
//#define NOICLT 1
//#define TEST_IMCLT
//#define SAVE_CLT
// Not enough shared memory to have more threads per block,even just for the result clt tiles
// What to do:
// 1) make single image aberration correction: 1/4 of the result tiles
// With 4 cameras = calculate correlations (9x9), reusing kernel or just clt ones after color reducing, then output them to device memory
//Average run time =1308.124146 ms
//#define TILES_PER_BLOCK    2
//Average run time =12502.638672 - with 2 tiles/block it is longer!
///12129.268555 ms
//Average run time =4704.506348 ms (syncwarp)
//Average run time =4705.612305 ms (syncthreads)
//Average run time =1051.411255 ms
//Average run time =861.866577 ms
//Average run time =850.871277 ms had bugs
//Average run time =857.947632 ms fixed bugs


// Something broke, even w/o LPF: Average run time =1093.115112 ms
// without clt copying to device memory - Average run time =965.342407 ms - still worse
//Average run time =965.880554 ms
// combined tx and ty into a single int : Average run time =871.017944 ms
//Average run time =873.386597 ms (reduced number of registers)
//__umul24 : Average run time =879.125122 ms
// without __umul24 - back to Average run time =871.315552 ms
// Added copying clt to device memory - Average run time =942.071960 ms
// Removed rest of NOICLT : Average run time =943.456177 ms
// Added lpf: Average run time =1046.101318 ms (0.1 sec, 10%) - can be combined with the PSF kernel
//#define USE_UMUL24
////#define TILES_PER_BLOCK    4
//Average run time =5155.922852 ms
//Average run time =1166.388306 ms
//Average run time =988.750977 ms
//#define TILES_PER_BLOCK    8
//Average run time =9656.743164 ms
// Average run time =9422.057617 ms (reducing divergence)
//#define TILES_PER_BLOCK    1

//#define THREADS_PER_TILE   8
//#define IMCLT_THREADS_PER_TILE 16
//#define IMCLT_TILES_PER_BLOCK   4


#define KERNELS_STEP  (1 << KERNELS_LSTEP)
#define TILESX        (IMG_WIDTH / DTT_SIZE)
#define TILESY        (IMG_HEIGHT / DTT_SIZE)
#define CONVERT_DIRECT_INDEXING_THREADS_LOG2 5
#define CONVERT_DIRECT_INDEXING_THREADS (1 << CONVERT_DIRECT_INDEXING_THREADS_LOG2) // 32
// Make TILESYA >= TILESX and a multiple of 4
#define TILESYA       ((TILESY +3) & (~3))
// increase row length by 1 so vertical passes will use different ports

#define MCLT_UNION_LEN   (DTT_SIZE2 * (DTT_SIZE2 + 2))

struct CltExtra{
	float data_x;   // kernel data is relative to this displacement X (0.5 pixel increments)
	float data_y;   // kernel data is relative to this displacement Y (0.5 pixel increments)
	float center_x; // actual center X (use to find derivatives)
	float center_y; // actual center X (use to find derivatives)
	float dxc_dx;   // add this to data_x per each pixel X-shift relative to the kernel center location
	float dxc_dy;   // same per each Y-shift pixel
	float dyc_dx;
	float dyc_dy;
};
/*
 Python code to generate constant coefficients:
def setup_hwindow(n=8, l=4):
    hwindow = [math.sin(math.pi*((1.0+2*i)/(4*n))) for i in range(2*n)]
    print("__constant__ float HWINDOW[] = {", end="") #
    for i in range (n):
        print("%ff"%(hwindow[i]), end ="")
        if i == (n-1):
            print("};")
        elif ((i + 1) % l) == 0:
            print(",")
            print("                                ", end ="")
        else:
            print(", ",end="")

def setup_hwindow2(n=8, l=4):
    hwindow = [0.5*math.sin(math.pi*((1.0+2*i)/(4*n))) for i in range(2*n)]
    print("__constant__ float HWINDOW2[] = {", end="") #
    for i in range (n):
        print("%ff"%(hwindow[i]), end ="")
        if i == (n-1):
            print("};")
        elif ((i + 1) % l) == 0:
            print(",")
            print("                                 ", end ="")
        else:
            print(", ",end="")

def setup_hwindow_sq(n=8, l=4):
    hwindow = [(math.sin(math.pi*((1.0+2*i)/(4*n)))) ** 2 for i in range(2*n)]
    print("__constant__ float HWINDOW_SQ[] = {", end="") #
    for i in range (n):
        print("%ff"%(hwindow[i]), end ="")
        if i == (n-1):
            print("};")
        elif ((i + 1) % l) == 0:
            print(",")
            print("                                 ", end ="")
        else:
            print(", ",end="")


def setup_hwindow_sqi(n=8, l=4):
    hwindow = [1.0/(math.sin(math.pi*((1.0+2*i)/(4*n)))) ** 2 for i in range(2*n)]
    print("__constant__ float HWINDOW_SQi[] = {", end="") #
    for i in range (n):
        print("%ff"%(hwindow[i]), end ="")
        if i == (n-1):
            print("};")
        elif ((i + 1) % l) == 0:
            print(",")
            print("                                 ", end ="")
        else:
            print(", ",end="")



def get_fold_rindices(n=8):
    n1 = n>>1;
    rind = [0] * (2 * n) # reverse indices
    rcs =  [0] * (2 * n) # reverse signs for cosine term
    rss =  [0] * (2 * n) # reverse signs for sine term
    for x in range (n1):
        ri0 = n + n1 - x - 1
        ri1 = n + n1 + x
        ri2 =          x
        ri3 = n      - x - 1
        rind[ri0] = x
        rind[ri1] = x
        rind[ri2] = x + n1
        rind[ri3] = x + n1
        rcs[ri0] = -1
        rss[ri0] =  1
        rcs[ri1] = -1
        rss[ri1] = -1
        rcs[ri2] =  1
        rss[ri2] =  1
        rcs[ri3] = -1
        rss[ri3] =  1
    rind0 = []
    rind1 = []
    # generate start indices for the first 2 bayer rows
    for a in rind:
        rind0.append(a+rind[0]*n)
        rind1.append(a+rind[1]*n)
    #column increments for odd/even bayer rows
    inc_even = []
    inc_odd = []
    for i in range (n-1):
        inc_even.append(rind[2*i+2]-rind[2*i])
        inc_odd.append (rind[2*i+3]-rind[2*i+1])
    inc_even.reverse()
    inc_odd.reverse()
    # combine increments into int data
    inc_e = 0
    inc_o = 0
    for d in inc_even:
        inc_e = ((inc_e) << 4) | (d & 0xf)
    for d in inc_odd:
        inc_o = ((inc_o) << 4) | (d & 0xf)
    print("__constant__ int fold_indx2[2][%d] = {{"%(2*n), end="") #
    for d in rind0[:-1]:
        print('0x%2x,'%(d), end="")
    print('0x%2x},'%(rind0[-1]))
    print("                                      {", end="") #
    for d in rind1[:-1]:
        print('0x%2x,'%(d), end="")
    print('0x%2x}};'%(rind1[-1]))
    print("__constant__ int fold_inc[]=          {0x%08x, 0x%08x};"%(inc_e, inc_o))

def set_imclt_sa(stride=9):
    sa8 =[0x24,0x2c,0x34,0x3c,0x3c,0x34,0x2c,0x24,0x1c,0x14,0x0c,0x04,0x04,0x0c,0x14,0x1c]
    sa8s = [d // 8 + (d % 8) * stride for d in sa8]
    print("__constant__ int imclt_indx9[16] = {", end="") #
    for d in sa8s[:-1]:
        print('0x%02x,'%(d), end="")
    print('0x%2x};'%(sa8s[-1]))

#!/usr/bin/env python3
# -*- coding: utf-8 -*-
import numpy as np # math
def printAlphaFade(transform_size):
    ts2 = 2 * transform_size
    ts2m1 = ts2-1
    alphaFade = np.zeros(shape=(9,ts2*ts2), dtype=float) # 	double [][] alphaFade = new double[16][ts2*ts2];
    alphaIndex = np.zeros(shape=(16,), dtype=int)
    fade1d =    np.zeros(shape=(16,), dtype=float) # double [] fade1d = new double [ts2];
    for i in range (ts2):
        fade1d[i] = 0.5 * (1.0 - np.cos(np.pi * (i +0.5) /ts2))
    for i in range (ts2):
        for j in range (ts2):
            indx = i * ts2 + j
            for m in range (16):
#                if   m == 0:
#                    alphaFade[m][indx] = 0
                if m == 1: # 0
                    alphaIndex[m] = 1
                    alphaFade[alphaIndex[m]][indx] = fade1d[ts2m1 - i]
                elif m == 2:
                    alphaIndex[m] = 2
                    alphaFade[alphaIndex[m]][indx] = fade1d[j]
                elif m == 4:
                    alphaIndex[m] = 3
                    alphaFade[alphaIndex[m]][indx] = fade1d[i]
                elif m == 8:
                    alphaIndex[m] = 4
                    alphaFade[alphaIndex[m]][indx] = fade1d[ts2m1 - j]
                elif m == 3:
                    alphaIndex[m] = 5
                    alphaFade[alphaIndex[m]][indx] = (fade1d[ts2m1 - i],fade1d[j])[j > ts2m1 - i]
                elif m == 6:
                    alphaIndex[m] = 6
                    alphaFade[alphaIndex[m]][indx] = (fade1d[i],fade1d[j])[j > i]
                elif m == 9:
                    alphaIndex[m] = 7
                    alphaFade[alphaIndex[m]][indx] = (fade1d[ts2m1 - j],fade1d[ts2m1 - i])[j > i]
                elif m == 12:
                    alphaIndex[m] = 8
                    alphaFade[alphaIndex[m]][indx] = (fade1d[ts2m1 - j],fade1d[i])[i > ts2m1 - j]
                else:
                    alphaIndex[m] = 0
                    alphaFade[alphaIndex[m]][indx] = 1.0

    floats_in_line=8
    print("__constant__ int alphaIndex[16] = {")
    for m in range (16):
        if ((m % floats_in_line) == 0):
            print("\n    ",end="")
        else:
            print(" ",end="")
        print("%d"%(alphaIndex[m]), end ="")
        if (m < (16-1)):
            print(",",end="")
    print("};")


    print("__constant__ float alphaFade[9][%d] = {"%(ts2*ts2))
    for m in range (9):
        for i in range (ts2 * ts2):
            if ((i % floats_in_line) == 0):
                print("    ",end="")
                if (i == 0) :
                    print("{",end="")
                else:
                    print(" ",end="")
            print("%ff"%(alphaFade[m][i]), end ="")
            if (((i + 1) % floats_in_line) == 0):
                if (i == (ts2 * ts2 -1)):
                    print("}",end="")
                else:
                    print(",")
            else:
                print(", ",end="")
        if (m == (9-1)):
            print("};")
        else:
            print(",")


printAlphaFade(8)


"""
*/


__constant__ float HWINDOW[] =   {0.098017f, 0.290285f, 0.471397f, 0.634393f,
                                  0.773010f, 0.881921f, 0.956940f, 0.995185f};


__constant__ float HWINDOW_SQ[] = {0.009607f, 0.084265f, 0.222215f, 0.402455f,
                                   0.597545f, 0.777785f, 0.915735f, 0.990393f};
__constant__ float HWINDOW_SQi[] = {104.086869f, 11.867296f, 4.500149f, 2.484751f,
                                      1.673514f, 1.285702f, 1.092019f, 1.009701f};

// Offsets in 8x8 DCT_CC/DST_SC tile for the first 2 lines of the 16x16 bayer image
__constant__ int fold_indx2[2][16] = {{0x24,0x25,0x26,0x27,0x27,0x26,0x25,0x24,0x23,0x22,0x21,0x20,0x20,0x21,0x22,0x23},
                                      {0x2c,0x2d,0x2e,0x2f,0x2f,0x2e,0x2d,0x2c,0x2b,0x2a,0x29,0x28,0x28,0x29,0x2a,0x2b}};

// increments of the offsets in 8x8 tile when going down, jumping two lines (same Bayer). Each 4 bits have to be <<3,
// addd to the current index and result should be AND-ed with 0x3f. inc_e is for even rows (0,2, ...) while inc_o - for odd ones (1,3,)
__constant__ int fold_inc[]=          {0x02feee12, 0x021eeef2};

//__constant__ int imclt_indx[16] = {0x24,0x2c,0x34,0x3c,0x3c,0x34,0x2c,0x24,0x1c,0x22,0x21,0x20,0x20,0x21,0x22,0x23};
//__constant__ int imclt_indx9[16] = {0x28,0x31,0x3a,0x43,0x43,0x3a,0x31,0x28,0x1f,0x16,0x0d,0x04,0x04,0x0d,0x16,0x1f};

// LPF for sigma 0.9 each color (modify through cudaMemcpyToSymbol() or similar in Driver API
//#ifndef NOICLT
__constant__ float lpf_data[4][64]={
		{ // red
				1.00000000f, 0.87041007f, 0.65943687f, 0.43487258f, 0.24970076f, 0.12518080f, 0.05616371f, 0.02728573f,
				0.87041007f, 0.75761368f, 0.57398049f, 0.37851747f, 0.21734206f, 0.10895863f, 0.04888546f, 0.02374977f,
				0.65943687f, 0.57398049f, 0.43485698f, 0.28677101f, 0.16466189f, 0.08254883f, 0.03703642f, 0.01799322f,
				0.43487258f, 0.37851747f, 0.28677101f, 0.18911416f, 0.10858801f, 0.05443770f, 0.02442406f, 0.01186582f,
				0.24970076f, 0.21734206f, 0.16466189f, 0.10858801f, 0.06235047f, 0.03125774f, 0.01402412f, 0.00681327f,
				0.12518080f, 0.10895863f, 0.08254883f, 0.05443770f, 0.03125774f, 0.01567023f, 0.00703062f, 0.00341565f,
				0.05616371f, 0.04888546f, 0.03703642f, 0.02442406f, 0.01402412f, 0.00703062f, 0.00315436f, 0.00153247f,
				0.02728573f, 0.02374977f, 0.01799322f, 0.01186582f, 0.00681327f, 0.00341565f, 0.00153247f, 0.00074451f
		},{ // blue
				1.00000000f, 0.87041007f, 0.65943687f, 0.43487258f, 0.24970076f, 0.12518080f, 0.05616371f, 0.02728573f,
				0.87041007f, 0.75761368f, 0.57398049f, 0.37851747f, 0.21734206f, 0.10895863f, 0.04888546f, 0.02374977f,
				0.65943687f, 0.57398049f, 0.43485698f, 0.28677101f, 0.16466189f, 0.08254883f, 0.03703642f, 0.01799322f,
				0.43487258f, 0.37851747f, 0.28677101f, 0.18911416f, 0.10858801f, 0.05443770f, 0.02442406f, 0.01186582f,
				0.24970076f, 0.21734206f, 0.16466189f, 0.10858801f, 0.06235047f, 0.03125774f, 0.01402412f, 0.00681327f,
				0.12518080f, 0.10895863f, 0.08254883f, 0.05443770f, 0.03125774f, 0.01567023f, 0.00703062f, 0.00341565f,
				0.05616371f, 0.04888546f, 0.03703642f, 0.02442406f, 0.01402412f, 0.00703062f, 0.00315436f, 0.00153247f,
				0.02728573f, 0.02374977f, 0.01799322f, 0.01186582f, 0.00681327f, 0.00341565f, 0.00153247f, 0.00074451f
		},{ // green
				1.00000000f, 0.91166831f, 0.75781950f, 0.57470069f, 0.39864249f, 0.25575500f, 0.15880862f, 0.11071780f,
				0.91166831f, 0.83113910f, 0.69088002f, 0.52393641f, 0.36342972f, 0.23316373f, 0.14478079f, 0.10093791f,
				0.75781950f, 0.69088002f, 0.57429040f, 0.43551939f, 0.30209905f, 0.19381613f, 0.12034827f, 0.08390411f,
				0.57470069f, 0.52393641f, 0.43551939f, 0.33028089f, 0.22910011f, 0.14698258f, 0.09126743f, 0.06362960f,
				0.39864249f, 0.36342972f, 0.30209905f, 0.22910011f, 0.15891583f, 0.10195481f, 0.06330787f, 0.04413682f,
				0.25575500f, 0.23316373f, 0.19381613f, 0.14698258f, 0.10195481f, 0.06541062f, 0.04061610f, 0.02831663f,
				0.15880862f, 0.14478079f, 0.12034827f, 0.09126743f, 0.06330787f, 0.04061610f, 0.02522018f, 0.01758294f,
				0.11071780f, 0.10093791f, 0.08390411f, 0.06362960f, 0.04413682f, 0.02831663f, 0.01758294f, 0.01225843f
		},{ // mono
				1.00000000f, 0.94100932f, 0.83403534f, 0.69821800f, 0.55623487f, 0.42968171f, 0.33580928f, 0.28608280f,
				0.94100932f, 0.88549854f, 0.78483503f, 0.65702965f, 0.52342219f, 0.40433449f, 0.31599966f, 0.26920658f,
				0.83403534f, 0.78483503f, 0.69561495f, 0.58233849f, 0.46391954f, 0.35836973f, 0.28007681f, 0.23860316f,
				0.69821800f, 0.65702965f, 0.58233849f, 0.48750838f, 0.38837320f, 0.30001150f, 0.23446808f, 0.19974816f,
				0.55623487f, 0.52342219f, 0.46391954f, 0.38837320f, 0.30939723f, 0.23900395f, 0.18678883f, 0.15912923f,
				0.42968171f, 0.40433449f, 0.35836973f, 0.30001150f, 0.23900395f, 0.18462637f, 0.14429110f, 0.12292455f,
				0.33580928f, 0.31599966f, 0.28007681f, 0.23446808f, 0.18678883f, 0.14429110f, 0.11276787f, 0.09606926f,
				0.28608280f, 0.26920658f, 0.23860316f, 0.19974816f, 0.15912923f, 0.12292455f, 0.09606926f, 0.08184337f
		}};

__constant__ float lpf_rb_corr[64]={ // modify if needed
				1.00000000f, 0.92598908f, 0.79428680f, 0.63198650f, 0.46862740f, 0.32891038f, 0.22914618f, 0.17771927f,
				0.92598908f, 0.85745578f, 0.73550091f, 0.58521260f, 0.43394386f, 0.30456742f, 0.21218686f, 0.16456610f,
				0.79428680f, 0.73550091f, 0.63089153f, 0.50197854f, 0.37222456f, 0.26124917f, 0.18200779f, 0.14116007f,
				0.63198650f, 0.58521260f, 0.50197854f, 0.39940694f, 0.29616619f, 0.20786692f, 0.14481729f, 0.11231618f,
				0.46862740f, 0.43394386f, 0.37222456f, 0.29616619f, 0.21961164f, 0.15413642f, 0.10738418f, 0.08328412f,
				0.32891038f, 0.30456742f, 0.26124917f, 0.20786692f, 0.15413642f, 0.10818204f, 0.07536856f, 0.05845371f,
				0.22914618f, 0.21218686f, 0.18200779f, 0.14481729f, 0.10738418f, 0.07536856f, 0.05250797f, 0.04072369f,
				0.17771927f, 0.16456610f, 0.14116007f, 0.11231618f, 0.08328412f, 0.05845371f, 0.04072369f, 0.03158414f
		};
__constant__ float lpf_corr[64]={ // modify if needed
				1.00000000f, 0.87041007f, 0.65943687f, 0.43487258f, 0.24970076f, 0.12518080f, 0.05616371f, 0.02728573f,
				0.87041007f, 0.75761368f, 0.57398049f, 0.37851747f, 0.21734206f, 0.10895863f, 0.04888546f, 0.02374977f,
				0.65943687f, 0.57398049f, 0.43485698f, 0.28677101f, 0.16466189f, 0.08254883f, 0.03703642f, 0.01799322f,
				0.43487258f, 0.37851747f, 0.28677101f, 0.18911416f, 0.10858801f, 0.05443770f, 0.02442406f, 0.01186582f,
				0.24970076f, 0.21734206f, 0.16466189f, 0.10858801f, 0.06235047f, 0.03125774f, 0.01402412f, 0.00681327f,
				0.12518080f, 0.10895863f, 0.08254883f, 0.05443770f, 0.03125774f, 0.01567023f, 0.00703062f, 0.00341565f,
				0.05616371f, 0.04888546f, 0.03703642f, 0.02442406f, 0.01402412f, 0.00703062f, 0.00315436f, 0.00153247f,
				0.02728573f, 0.02374977f, 0.01799322f, 0.01186582f, 0.00681327f, 0.00341565f, 0.00153247f, 0.00074451f
		};


__constant__ int pairs[6][2]={
		{0, 1},
		{2, 3},
		{0, 2},
		{1, 3},
		{0, 3},
		{2, 1}};

__constant__ int alphaIndex[16] = {0, 1, 2, 5, 3, 0, 6, 0, 4, 7, 0, 0, 8, 0, 0, 0};
__constant__ float alphaFade[9][256] = {
    {1.000000f, 1.000000f, 1.000000f, 1.000000f, 1.000000f, 1.000000f, 1.000000f, 1.000000f,
     1.000000f, 1.000000f, 1.000000f, 1.000000f, 1.000000f, 1.000000f, 1.000000f, 1.000000f,
     1.000000f, 1.000000f, 1.000000f, 1.000000f, 1.000000f, 1.000000f, 1.000000f, 1.000000f,
     1.000000f, 1.000000f, 1.000000f, 1.000000f, 1.000000f, 1.000000f, 1.000000f, 1.000000f,
     1.000000f, 1.000000f, 1.000000f, 1.000000f, 1.000000f, 1.000000f, 1.000000f, 1.000000f,
     1.000000f, 1.000000f, 1.000000f, 1.000000f, 1.000000f, 1.000000f, 1.000000f, 1.000000f,
     1.000000f, 1.000000f, 1.000000f, 1.000000f, 1.000000f, 1.000000f, 1.000000f, 1.000000f,
     1.000000f, 1.000000f, 1.000000f, 1.000000f, 1.000000f, 1.000000f, 1.000000f, 1.000000f,
     1.000000f, 1.000000f, 1.000000f, 1.000000f, 1.000000f, 1.000000f, 1.000000f, 1.000000f,
     1.000000f, 1.000000f, 1.000000f, 1.000000f, 1.000000f, 1.000000f, 1.000000f, 1.000000f,
     1.000000f, 1.000000f, 1.000000f, 1.000000f, 1.000000f, 1.000000f, 1.000000f, 1.000000f,
     1.000000f, 1.000000f, 1.000000f, 1.000000f, 1.000000f, 1.000000f, 1.000000f, 1.000000f,
     1.000000f, 1.000000f, 1.000000f, 1.000000f, 1.000000f, 1.000000f, 1.000000f, 1.000000f,
     1.000000f, 1.000000f, 1.000000f, 1.000000f, 1.000000f, 1.000000f, 1.000000f, 1.000000f,
     1.000000f, 1.000000f, 1.000000f, 1.000000f, 1.000000f, 1.000000f, 1.000000f, 1.000000f,
     1.000000f, 1.000000f, 1.000000f, 1.000000f, 1.000000f, 1.000000f, 1.000000f, 1.000000f,
     1.000000f, 1.000000f, 1.000000f, 1.000000f, 1.000000f, 1.000000f, 1.000000f, 1.000000f,
     1.000000f, 1.000000f, 1.000000f, 1.000000f, 1.000000f, 1.000000f, 1.000000f, 1.000000f,
     1.000000f, 1.000000f, 1.000000f, 1.000000f, 1.000000f, 1.000000f, 1.000000f, 1.000000f,
     1.000000f, 1.000000f, 1.000000f, 1.000000f, 1.000000f, 1.000000f, 1.000000f, 1.000000f,
     1.000000f, 1.000000f, 1.000000f, 1.000000f, 1.000000f, 1.000000f, 1.000000f, 1.000000f,
     1.000000f, 1.000000f, 1.000000f, 1.000000f, 1.000000f, 1.000000f, 1.000000f, 1.000000f,
     1.000000f, 1.000000f, 1.000000f, 1.000000f, 1.000000f, 1.000000f, 1.000000f, 1.000000f,
     1.000000f, 1.000000f, 1.000000f, 1.000000f, 1.000000f, 1.000000f, 1.000000f, 1.000000f,
     1.000000f, 1.000000f, 1.000000f, 1.000000f, 1.000000f, 1.000000f, 1.000000f, 1.000000f,
     1.000000f, 1.000000f, 1.000000f, 1.000000f, 1.000000f, 1.000000f, 1.000000f, 1.000000f,
     1.000000f, 1.000000f, 1.000000f, 1.000000f, 1.000000f, 1.000000f, 1.000000f, 1.000000f,
     1.000000f, 1.000000f, 1.000000f, 1.000000f, 1.000000f, 1.000000f, 1.000000f, 1.000000f,
     1.000000f, 1.000000f, 1.000000f, 1.000000f, 1.000000f, 1.000000f, 1.000000f, 1.000000f,
     1.000000f, 1.000000f, 1.000000f, 1.000000f, 1.000000f, 1.000000f, 1.000000f, 1.000000f,
     1.000000f, 1.000000f, 1.000000f, 1.000000f, 1.000000f, 1.000000f, 1.000000f, 1.000000f,
     1.000000f, 1.000000f, 1.000000f, 1.000000f, 1.000000f, 1.000000f, 1.000000f, 1.000000f},
    {0.997592f, 0.997592f, 0.997592f, 0.997592f, 0.997592f, 0.997592f, 0.997592f, 0.997592f,
     0.997592f, 0.997592f, 0.997592f, 0.997592f, 0.997592f, 0.997592f, 0.997592f, 0.997592f,
     0.978470f, 0.978470f, 0.978470f, 0.978470f, 0.978470f, 0.978470f, 0.978470f, 0.978470f,
     0.978470f, 0.978470f, 0.978470f, 0.978470f, 0.978470f, 0.978470f, 0.978470f, 0.978470f,
     0.940961f, 0.940961f, 0.940961f, 0.940961f, 0.940961f, 0.940961f, 0.940961f, 0.940961f,
     0.940961f, 0.940961f, 0.940961f, 0.940961f, 0.940961f, 0.940961f, 0.940961f, 0.940961f,
     0.886505f, 0.886505f, 0.886505f, 0.886505f, 0.886505f, 0.886505f, 0.886505f, 0.886505f,
     0.886505f, 0.886505f, 0.886505f, 0.886505f, 0.886505f, 0.886505f, 0.886505f, 0.886505f,
     0.817197f, 0.817197f, 0.817197f, 0.817197f, 0.817197f, 0.817197f, 0.817197f, 0.817197f,
     0.817197f, 0.817197f, 0.817197f, 0.817197f, 0.817197f, 0.817197f, 0.817197f, 0.817197f,
     0.735698f, 0.735698f, 0.735698f, 0.735698f, 0.735698f, 0.735698f, 0.735698f, 0.735698f,
     0.735698f, 0.735698f, 0.735698f, 0.735698f, 0.735698f, 0.735698f, 0.735698f, 0.735698f,
     0.645142f, 0.645142f, 0.645142f, 0.645142f, 0.645142f, 0.645142f, 0.645142f, 0.645142f,
     0.645142f, 0.645142f, 0.645142f, 0.645142f, 0.645142f, 0.645142f, 0.645142f, 0.645142f,
     0.549009f, 0.549009f, 0.549009f, 0.549009f, 0.549009f, 0.549009f, 0.549009f, 0.549009f,
     0.549009f, 0.549009f, 0.549009f, 0.549009f, 0.549009f, 0.549009f, 0.549009f, 0.549009f,
     0.450991f, 0.450991f, 0.450991f, 0.450991f, 0.450991f, 0.450991f, 0.450991f, 0.450991f,
     0.450991f, 0.450991f, 0.450991f, 0.450991f, 0.450991f, 0.450991f, 0.450991f, 0.450991f,
     0.354858f, 0.354858f, 0.354858f, 0.354858f, 0.354858f, 0.354858f, 0.354858f, 0.354858f,
     0.354858f, 0.354858f, 0.354858f, 0.354858f, 0.354858f, 0.354858f, 0.354858f, 0.354858f,
     0.264302f, 0.264302f, 0.264302f, 0.264302f, 0.264302f, 0.264302f, 0.264302f, 0.264302f,
     0.264302f, 0.264302f, 0.264302f, 0.264302f, 0.264302f, 0.264302f, 0.264302f, 0.264302f,
     0.182803f, 0.182803f, 0.182803f, 0.182803f, 0.182803f, 0.182803f, 0.182803f, 0.182803f,
     0.182803f, 0.182803f, 0.182803f, 0.182803f, 0.182803f, 0.182803f, 0.182803f, 0.182803f,
     0.113495f, 0.113495f, 0.113495f, 0.113495f, 0.113495f, 0.113495f, 0.113495f, 0.113495f,
     0.113495f, 0.113495f, 0.113495f, 0.113495f, 0.113495f, 0.113495f, 0.113495f, 0.113495f,
     0.059039f, 0.059039f, 0.059039f, 0.059039f, 0.059039f, 0.059039f, 0.059039f, 0.059039f,
     0.059039f, 0.059039f, 0.059039f, 0.059039f, 0.059039f, 0.059039f, 0.059039f, 0.059039f,
     0.021530f, 0.021530f, 0.021530f, 0.021530f, 0.021530f, 0.021530f, 0.021530f, 0.021530f,
     0.021530f, 0.021530f, 0.021530f, 0.021530f, 0.021530f, 0.021530f, 0.021530f, 0.021530f,
     0.002408f, 0.002408f, 0.002408f, 0.002408f, 0.002408f, 0.002408f, 0.002408f, 0.002408f,
     0.002408f, 0.002408f, 0.002408f, 0.002408f, 0.002408f, 0.002408f, 0.002408f, 0.002408f},
    {0.002408f, 0.021530f, 0.059039f, 0.113495f, 0.182803f, 0.264302f, 0.354858f, 0.450991f,
     0.549009f, 0.645142f, 0.735698f, 0.817197f, 0.886505f, 0.940961f, 0.978470f, 0.997592f,
     0.002408f, 0.021530f, 0.059039f, 0.113495f, 0.182803f, 0.264302f, 0.354858f, 0.450991f,
     0.549009f, 0.645142f, 0.735698f, 0.817197f, 0.886505f, 0.940961f, 0.978470f, 0.997592f,
     0.002408f, 0.021530f, 0.059039f, 0.113495f, 0.182803f, 0.264302f, 0.354858f, 0.450991f,
     0.549009f, 0.645142f, 0.735698f, 0.817197f, 0.886505f, 0.940961f, 0.978470f, 0.997592f,
     0.002408f, 0.021530f, 0.059039f, 0.113495f, 0.182803f, 0.264302f, 0.354858f, 0.450991f,
     0.549009f, 0.645142f, 0.735698f, 0.817197f, 0.886505f, 0.940961f, 0.978470f, 0.997592f,
     0.002408f, 0.021530f, 0.059039f, 0.113495f, 0.182803f, 0.264302f, 0.354858f, 0.450991f,
     0.549009f, 0.645142f, 0.735698f, 0.817197f, 0.886505f, 0.940961f, 0.978470f, 0.997592f,
     0.002408f, 0.021530f, 0.059039f, 0.113495f, 0.182803f, 0.264302f, 0.354858f, 0.450991f,
     0.549009f, 0.645142f, 0.735698f, 0.817197f, 0.886505f, 0.940961f, 0.978470f, 0.997592f,
     0.002408f, 0.021530f, 0.059039f, 0.113495f, 0.182803f, 0.264302f, 0.354858f, 0.450991f,
     0.549009f, 0.645142f, 0.735698f, 0.817197f, 0.886505f, 0.940961f, 0.978470f, 0.997592f,
     0.002408f, 0.021530f, 0.059039f, 0.113495f, 0.182803f, 0.264302f, 0.354858f, 0.450991f,
     0.549009f, 0.645142f, 0.735698f, 0.817197f, 0.886505f, 0.940961f, 0.978470f, 0.997592f,
     0.002408f, 0.021530f, 0.059039f, 0.113495f, 0.182803f, 0.264302f, 0.354858f, 0.450991f,
     0.549009f, 0.645142f, 0.735698f, 0.817197f, 0.886505f, 0.940961f, 0.978470f, 0.997592f,
     0.002408f, 0.021530f, 0.059039f, 0.113495f, 0.182803f, 0.264302f, 0.354858f, 0.450991f,
     0.549009f, 0.645142f, 0.735698f, 0.817197f, 0.886505f, 0.940961f, 0.978470f, 0.997592f,
     0.002408f, 0.021530f, 0.059039f, 0.113495f, 0.182803f, 0.264302f, 0.354858f, 0.450991f,
     0.549009f, 0.645142f, 0.735698f, 0.817197f, 0.886505f, 0.940961f, 0.978470f, 0.997592f,
     0.002408f, 0.021530f, 0.059039f, 0.113495f, 0.182803f, 0.264302f, 0.354858f, 0.450991f,
     0.549009f, 0.645142f, 0.735698f, 0.817197f, 0.886505f, 0.940961f, 0.978470f, 0.997592f,
     0.002408f, 0.021530f, 0.059039f, 0.113495f, 0.182803f, 0.264302f, 0.354858f, 0.450991f,
     0.549009f, 0.645142f, 0.735698f, 0.817197f, 0.886505f, 0.940961f, 0.978470f, 0.997592f,
     0.002408f, 0.021530f, 0.059039f, 0.113495f, 0.182803f, 0.264302f, 0.354858f, 0.450991f,
     0.549009f, 0.645142f, 0.735698f, 0.817197f, 0.886505f, 0.940961f, 0.978470f, 0.997592f,
     0.002408f, 0.021530f, 0.059039f, 0.113495f, 0.182803f, 0.264302f, 0.354858f, 0.450991f,
     0.549009f, 0.645142f, 0.735698f, 0.817197f, 0.886505f, 0.940961f, 0.978470f, 0.997592f,
     0.002408f, 0.021530f, 0.059039f, 0.113495f, 0.182803f, 0.264302f, 0.354858f, 0.450991f,
     0.549009f, 0.645142f, 0.735698f, 0.817197f, 0.886505f, 0.940961f, 0.978470f, 0.997592f},
    {0.002408f, 0.002408f, 0.002408f, 0.002408f, 0.002408f, 0.002408f, 0.002408f, 0.002408f,
     0.002408f, 0.002408f, 0.002408f, 0.002408f, 0.002408f, 0.002408f, 0.002408f, 0.002408f,
     0.021530f, 0.021530f, 0.021530f, 0.021530f, 0.021530f, 0.021530f, 0.021530f, 0.021530f,
     0.021530f, 0.021530f, 0.021530f, 0.021530f, 0.021530f, 0.021530f, 0.021530f, 0.021530f,
     0.059039f, 0.059039f, 0.059039f, 0.059039f, 0.059039f, 0.059039f, 0.059039f, 0.059039f,
     0.059039f, 0.059039f, 0.059039f, 0.059039f, 0.059039f, 0.059039f, 0.059039f, 0.059039f,
     0.113495f, 0.113495f, 0.113495f, 0.113495f, 0.113495f, 0.113495f, 0.113495f, 0.113495f,
     0.113495f, 0.113495f, 0.113495f, 0.113495f, 0.113495f, 0.113495f, 0.113495f, 0.113495f,
     0.182803f, 0.182803f, 0.182803f, 0.182803f, 0.182803f, 0.182803f, 0.182803f, 0.182803f,
     0.182803f, 0.182803f, 0.182803f, 0.182803f, 0.182803f, 0.182803f, 0.182803f, 0.182803f,
     0.264302f, 0.264302f, 0.264302f, 0.264302f, 0.264302f, 0.264302f, 0.264302f, 0.264302f,
     0.264302f, 0.264302f, 0.264302f, 0.264302f, 0.264302f, 0.264302f, 0.264302f, 0.264302f,
     0.354858f, 0.354858f, 0.354858f, 0.354858f, 0.354858f, 0.354858f, 0.354858f, 0.354858f,
     0.354858f, 0.354858f, 0.354858f, 0.354858f, 0.354858f, 0.354858f, 0.354858f, 0.354858f,
     0.450991f, 0.450991f, 0.450991f, 0.450991f, 0.450991f, 0.450991f, 0.450991f, 0.450991f,
     0.450991f, 0.450991f, 0.450991f, 0.450991f, 0.450991f, 0.450991f, 0.450991f, 0.450991f,
     0.549009f, 0.549009f, 0.549009f, 0.549009f, 0.549009f, 0.549009f, 0.549009f, 0.549009f,
     0.549009f, 0.549009f, 0.549009f, 0.549009f, 0.549009f, 0.549009f, 0.549009f, 0.549009f,
     0.645142f, 0.645142f, 0.645142f, 0.645142f, 0.645142f, 0.645142f, 0.645142f, 0.645142f,
     0.645142f, 0.645142f, 0.645142f, 0.645142f, 0.645142f, 0.645142f, 0.645142f, 0.645142f,
     0.735698f, 0.735698f, 0.735698f, 0.735698f, 0.735698f, 0.735698f, 0.735698f, 0.735698f,
     0.735698f, 0.735698f, 0.735698f, 0.735698f, 0.735698f, 0.735698f, 0.735698f, 0.735698f,
     0.817197f, 0.817197f, 0.817197f, 0.817197f, 0.817197f, 0.817197f, 0.817197f, 0.817197f,
     0.817197f, 0.817197f, 0.817197f, 0.817197f, 0.817197f, 0.817197f, 0.817197f, 0.817197f,
     0.886505f, 0.886505f, 0.886505f, 0.886505f, 0.886505f, 0.886505f, 0.886505f, 0.886505f,
     0.886505f, 0.886505f, 0.886505f, 0.886505f, 0.886505f, 0.886505f, 0.886505f, 0.886505f,
     0.940961f, 0.940961f, 0.940961f, 0.940961f, 0.940961f, 0.940961f, 0.940961f, 0.940961f,
     0.940961f, 0.940961f, 0.940961f, 0.940961f, 0.940961f, 0.940961f, 0.940961f, 0.940961f,
     0.978470f, 0.978470f, 0.978470f, 0.978470f, 0.978470f, 0.978470f, 0.978470f, 0.978470f,
     0.978470f, 0.978470f, 0.978470f, 0.978470f, 0.978470f, 0.978470f, 0.978470f, 0.978470f,
     0.997592f, 0.997592f, 0.997592f, 0.997592f, 0.997592f, 0.997592f, 0.997592f, 0.997592f,
     0.997592f, 0.997592f, 0.997592f, 0.997592f, 0.997592f, 0.997592f, 0.997592f, 0.997592f},
    {0.997592f, 0.978470f, 0.940961f, 0.886505f, 0.817197f, 0.735698f, 0.645142f, 0.549009f,
     0.450991f, 0.354858f, 0.264302f, 0.182803f, 0.113495f, 0.059039f, 0.021530f, 0.002408f,
     0.997592f, 0.978470f, 0.940961f, 0.886505f, 0.817197f, 0.735698f, 0.645142f, 0.549009f,
     0.450991f, 0.354858f, 0.264302f, 0.182803f, 0.113495f, 0.059039f, 0.021530f, 0.002408f,
     0.997592f, 0.978470f, 0.940961f, 0.886505f, 0.817197f, 0.735698f, 0.645142f, 0.549009f,
     0.450991f, 0.354858f, 0.264302f, 0.182803f, 0.113495f, 0.059039f, 0.021530f, 0.002408f,
     0.997592f, 0.978470f, 0.940961f, 0.886505f, 0.817197f, 0.735698f, 0.645142f, 0.549009f,
     0.450991f, 0.354858f, 0.264302f, 0.182803f, 0.113495f, 0.059039f, 0.021530f, 0.002408f,
     0.997592f, 0.978470f, 0.940961f, 0.886505f, 0.817197f, 0.735698f, 0.645142f, 0.549009f,
     0.450991f, 0.354858f, 0.264302f, 0.182803f, 0.113495f, 0.059039f, 0.021530f, 0.002408f,
     0.997592f, 0.978470f, 0.940961f, 0.886505f, 0.817197f, 0.735698f, 0.645142f, 0.549009f,
     0.450991f, 0.354858f, 0.264302f, 0.182803f, 0.113495f, 0.059039f, 0.021530f, 0.002408f,
     0.997592f, 0.978470f, 0.940961f, 0.886505f, 0.817197f, 0.735698f, 0.645142f, 0.549009f,
     0.450991f, 0.354858f, 0.264302f, 0.182803f, 0.113495f, 0.059039f, 0.021530f, 0.002408f,
     0.997592f, 0.978470f, 0.940961f, 0.886505f, 0.817197f, 0.735698f, 0.645142f, 0.549009f,
     0.450991f, 0.354858f, 0.264302f, 0.182803f, 0.113495f, 0.059039f, 0.021530f, 0.002408f,
     0.997592f, 0.978470f, 0.940961f, 0.886505f, 0.817197f, 0.735698f, 0.645142f, 0.549009f,
     0.450991f, 0.354858f, 0.264302f, 0.182803f, 0.113495f, 0.059039f, 0.021530f, 0.002408f,
     0.997592f, 0.978470f, 0.940961f, 0.886505f, 0.817197f, 0.735698f, 0.645142f, 0.549009f,
     0.450991f, 0.354858f, 0.264302f, 0.182803f, 0.113495f, 0.059039f, 0.021530f, 0.002408f,
     0.997592f, 0.978470f, 0.940961f, 0.886505f, 0.817197f, 0.735698f, 0.645142f, 0.549009f,
     0.450991f, 0.354858f, 0.264302f, 0.182803f, 0.113495f, 0.059039f, 0.021530f, 0.002408f,
     0.997592f, 0.978470f, 0.940961f, 0.886505f, 0.817197f, 0.735698f, 0.645142f, 0.549009f,
     0.450991f, 0.354858f, 0.264302f, 0.182803f, 0.113495f, 0.059039f, 0.021530f, 0.002408f,
     0.997592f, 0.978470f, 0.940961f, 0.886505f, 0.817197f, 0.735698f, 0.645142f, 0.549009f,
     0.450991f, 0.354858f, 0.264302f, 0.182803f, 0.113495f, 0.059039f, 0.021530f, 0.002408f,
     0.997592f, 0.978470f, 0.940961f, 0.886505f, 0.817197f, 0.735698f, 0.645142f, 0.549009f,
     0.450991f, 0.354858f, 0.264302f, 0.182803f, 0.113495f, 0.059039f, 0.021530f, 0.002408f,
     0.997592f, 0.978470f, 0.940961f, 0.886505f, 0.817197f, 0.735698f, 0.645142f, 0.549009f,
     0.450991f, 0.354858f, 0.264302f, 0.182803f, 0.113495f, 0.059039f, 0.021530f, 0.002408f,
     0.997592f, 0.978470f, 0.940961f, 0.886505f, 0.817197f, 0.735698f, 0.645142f, 0.549009f,
     0.450991f, 0.354858f, 0.264302f, 0.182803f, 0.113495f, 0.059039f, 0.021530f, 0.002408f},
    {0.997592f, 0.997592f, 0.997592f, 0.997592f, 0.997592f, 0.997592f, 0.997592f, 0.997592f,
     0.997592f, 0.997592f, 0.997592f, 0.997592f, 0.997592f, 0.997592f, 0.997592f, 0.997592f,
     0.978470f, 0.978470f, 0.978470f, 0.978470f, 0.978470f, 0.978470f, 0.978470f, 0.978470f,
     0.978470f, 0.978470f, 0.978470f, 0.978470f, 0.978470f, 0.978470f, 0.978470f, 0.997592f,
     0.940961f, 0.940961f, 0.940961f, 0.940961f, 0.940961f, 0.940961f, 0.940961f, 0.940961f,
     0.940961f, 0.940961f, 0.940961f, 0.940961f, 0.940961f, 0.940961f, 0.978470f, 0.997592f,
     0.886505f, 0.886505f, 0.886505f, 0.886505f, 0.886505f, 0.886505f, 0.886505f, 0.886505f,
     0.886505f, 0.886505f, 0.886505f, 0.886505f, 0.886505f, 0.940961f, 0.978470f, 0.997592f,
     0.817197f, 0.817197f, 0.817197f, 0.817197f, 0.817197f, 0.817197f, 0.817197f, 0.817197f,
     0.817197f, 0.817197f, 0.817197f, 0.817197f, 0.886505f, 0.940961f, 0.978470f, 0.997592f,
     0.735698f, 0.735698f, 0.735698f, 0.735698f, 0.735698f, 0.735698f, 0.735698f, 0.735698f,
     0.735698f, 0.735698f, 0.735698f, 0.817197f, 0.886505f, 0.940961f, 0.978470f, 0.997592f,
     0.645142f, 0.645142f, 0.645142f, 0.645142f, 0.645142f, 0.645142f, 0.645142f, 0.645142f,
     0.645142f, 0.645142f, 0.735698f, 0.817197f, 0.886505f, 0.940961f, 0.978470f, 0.997592f,
     0.549009f, 0.549009f, 0.549009f, 0.549009f, 0.549009f, 0.549009f, 0.549009f, 0.549009f,
     0.549009f, 0.645142f, 0.735698f, 0.817197f, 0.886505f, 0.940961f, 0.978470f, 0.997592f,
     0.450991f, 0.450991f, 0.450991f, 0.450991f, 0.450991f, 0.450991f, 0.450991f, 0.450991f,
     0.549009f, 0.645142f, 0.735698f, 0.817197f, 0.886505f, 0.940961f, 0.978470f, 0.997592f,
     0.354858f, 0.354858f, 0.354858f, 0.354858f, 0.354858f, 0.354858f, 0.354858f, 0.450991f,
     0.549009f, 0.645142f, 0.735698f, 0.817197f, 0.886505f, 0.940961f, 0.978470f, 0.997592f,
     0.264302f, 0.264302f, 0.264302f, 0.264302f, 0.264302f, 0.264302f, 0.354858f, 0.450991f,
     0.549009f, 0.645142f, 0.735698f, 0.817197f, 0.886505f, 0.940961f, 0.978470f, 0.997592f,
     0.182803f, 0.182803f, 0.182803f, 0.182803f, 0.182803f, 0.264302f, 0.354858f, 0.450991f,
     0.549009f, 0.645142f, 0.735698f, 0.817197f, 0.886505f, 0.940961f, 0.978470f, 0.997592f,
     0.113495f, 0.113495f, 0.113495f, 0.113495f, 0.182803f, 0.264302f, 0.354858f, 0.450991f,
     0.549009f, 0.645142f, 0.735698f, 0.817197f, 0.886505f, 0.940961f, 0.978470f, 0.997592f,
     0.059039f, 0.059039f, 0.059039f, 0.113495f, 0.182803f, 0.264302f, 0.354858f, 0.450991f,
     0.549009f, 0.645142f, 0.735698f, 0.817197f, 0.886505f, 0.940961f, 0.978470f, 0.997592f,
     0.021530f, 0.021530f, 0.059039f, 0.113495f, 0.182803f, 0.264302f, 0.354858f, 0.450991f,
     0.549009f, 0.645142f, 0.735698f, 0.817197f, 0.886505f, 0.940961f, 0.978470f, 0.997592f,
     0.002408f, 0.021530f, 0.059039f, 0.113495f, 0.182803f, 0.264302f, 0.354858f, 0.450991f,
     0.549009f, 0.645142f, 0.735698f, 0.817197f, 0.886505f, 0.940961f, 0.978470f, 0.997592f},
    {0.002408f, 0.021530f, 0.059039f, 0.113495f, 0.182803f, 0.264302f, 0.354858f, 0.450991f,
     0.549009f, 0.645142f, 0.735698f, 0.817197f, 0.886505f, 0.940961f, 0.978470f, 0.997592f,
     0.021530f, 0.021530f, 0.059039f, 0.113495f, 0.182803f, 0.264302f, 0.354858f, 0.450991f,
     0.549009f, 0.645142f, 0.735698f, 0.817197f, 0.886505f, 0.940961f, 0.978470f, 0.997592f,
     0.059039f, 0.059039f, 0.059039f, 0.113495f, 0.182803f, 0.264302f, 0.354858f, 0.450991f,
     0.549009f, 0.645142f, 0.735698f, 0.817197f, 0.886505f, 0.940961f, 0.978470f, 0.997592f,
     0.113495f, 0.113495f, 0.113495f, 0.113495f, 0.182803f, 0.264302f, 0.354858f, 0.450991f,
     0.549009f, 0.645142f, 0.735698f, 0.817197f, 0.886505f, 0.940961f, 0.978470f, 0.997592f,
     0.182803f, 0.182803f, 0.182803f, 0.182803f, 0.182803f, 0.264302f, 0.354858f, 0.450991f,
     0.549009f, 0.645142f, 0.735698f, 0.817197f, 0.886505f, 0.940961f, 0.978470f, 0.997592f,
     0.264302f, 0.264302f, 0.264302f, 0.264302f, 0.264302f, 0.264302f, 0.354858f, 0.450991f,
     0.549009f, 0.645142f, 0.735698f, 0.817197f, 0.886505f, 0.940961f, 0.978470f, 0.997592f,
     0.354858f, 0.354858f, 0.354858f, 0.354858f, 0.354858f, 0.354858f, 0.354858f, 0.450991f,
     0.549009f, 0.645142f, 0.735698f, 0.817197f, 0.886505f, 0.940961f, 0.978470f, 0.997592f,
     0.450991f, 0.450991f, 0.450991f, 0.450991f, 0.450991f, 0.450991f, 0.450991f, 0.450991f,
     0.549009f, 0.645142f, 0.735698f, 0.817197f, 0.886505f, 0.940961f, 0.978470f, 0.997592f,
     0.549009f, 0.549009f, 0.549009f, 0.549009f, 0.549009f, 0.549009f, 0.549009f, 0.549009f,
     0.549009f, 0.645142f, 0.735698f, 0.817197f, 0.886505f, 0.940961f, 0.978470f, 0.997592f,
     0.645142f, 0.645142f, 0.645142f, 0.645142f, 0.645142f, 0.645142f, 0.645142f, 0.645142f,
     0.645142f, 0.645142f, 0.735698f, 0.817197f, 0.886505f, 0.940961f, 0.978470f, 0.997592f,
     0.735698f, 0.735698f, 0.735698f, 0.735698f, 0.735698f, 0.735698f, 0.735698f, 0.735698f,
     0.735698f, 0.735698f, 0.735698f, 0.817197f, 0.886505f, 0.940961f, 0.978470f, 0.997592f,
     0.817197f, 0.817197f, 0.817197f, 0.817197f, 0.817197f, 0.817197f, 0.817197f, 0.817197f,
     0.817197f, 0.817197f, 0.817197f, 0.817197f, 0.886505f, 0.940961f, 0.978470f, 0.997592f,
     0.886505f, 0.886505f, 0.886505f, 0.886505f, 0.886505f, 0.886505f, 0.886505f, 0.886505f,
     0.886505f, 0.886505f, 0.886505f, 0.886505f, 0.886505f, 0.940961f, 0.978470f, 0.997592f,
     0.940961f, 0.940961f, 0.940961f, 0.940961f, 0.940961f, 0.940961f, 0.940961f, 0.940961f,
     0.940961f, 0.940961f, 0.940961f, 0.940961f, 0.940961f, 0.940961f, 0.978470f, 0.997592f,
     0.978470f, 0.978470f, 0.978470f, 0.978470f, 0.978470f, 0.978470f, 0.978470f, 0.978470f,
     0.978470f, 0.978470f, 0.978470f, 0.978470f, 0.978470f, 0.978470f, 0.978470f, 0.997592f,
     0.997592f, 0.997592f, 0.997592f, 0.997592f, 0.997592f, 0.997592f, 0.997592f, 0.997592f,
     0.997592f, 0.997592f, 0.997592f, 0.997592f, 0.997592f, 0.997592f, 0.997592f, 0.997592f},
